[Project1] 7033 1588154293.187060070 1588154294.264573982
[Project1] 7034 1588154295.321216381 1588154296.576029646
[Project1] 7035 1588154297.740471392 1588154298.874266399
[Project1] 7036 1588154299.999178130 1588154301.224086295
[Project1] 7037 1588154302.346199709 1588154303.505202755
[Project1] 7038 1588154304.675535082 1588154305.797638620
[Project1] 7039 1588154306.999877947 1588154308.216399636
[Project1] 7040 1588154309.354689848 1588154310.489904647
[Project1] 7041 1588154311.459649883 1588154312.564645886
[Project1] 7042 1588154313.672297652 1588154314.793542405
